# Created by Octave 3.2.4, Wed Sep 26 14:01:13 2012 UTC <ubuntu@ip-10-142-129-246>
# name: resultssummary
# type: struct
# length: 3
# name: auroc
# type: cell
# rows: 1
# columns: 1
# name: <cell-element>
# type: matrix
# ndims: 3
 6 6 5
 0.632156862745098
 0.6776470588235297
 0.7474509803921567
 0.5905882352941174
 0.6078431372549018
 0.5968627450980393
 0.8454901960784312
 0.5843137254901961
 0.7286274509803928
 0.6486274509803921
 0.604705882352941
 0.6619607843137255
 0.7474509803921568
 0.5733333333333333
 0.7325490196078434
 0.6721568627450978
 0.5239215686274509
 0.6509803921568625
 0.752941176470588
 0.5364705882352939
 0.7129411764705883
 0.7019607843137252
 0.5152941176470589
 0.6329411764705881
 0.7223529411764709
 0.6454901960784316
 0.6807843137254903
 0.6619607843137254
 0.5231372549019608
 0.6141176470588235
 0.8219607843137253
 0.707450980392157
 0.6556862745098039
 0.6109803921568624
 0.5301960784313724
 0.6305882352941174
 0.6852678571428572
 0.7001488095238098
 0.6063988095238096
 0.5684523809523809
 0.5349702380952381
 0.6354166666666667
 0.5773809523809526
 0.5944940476190477
 0.6674107142857143
 0.5892857142857144
 0.6398809523809526
 0.5230654761904763
 0.6488095238095238
 0.6078869047619049
 0.7351190476190478
 0.5
 0.6294642857142858
 0.4769345238095238
 0.6718750000000001
 0.5706845238095237
 0.6979166666666669
 0.5007440476190476
 0.6421130952380953
 0.5141369047619048
 0.7373511904761907
 0.5997023809523809
 0.7425595238095239
 0.5550595238095237
 0.6398809523809523
 0.6138392857142857
 0.6696428571428573
 0.6071428571428572
 0.7001488095238095
 0.6190476190476191
 0.6614583333333335
 0.6376488095238095
 0.4792156862745096
 0.6180392156862744
 0.6807843137254903
 0.6478431372549018
 0.5717647058823531
 0.6305882352941174
 0.6305882352941177
 0.6768627450980393
 0.7152941176470591
 0.676862745098039
 0.5333333333333332
 0.5694117647058823
 0.6329411764705882
 0.68078431372549
 0.6894117647058825
 0.6384313725490194
 0.4517647058823529
 0.6799999999999999
 0.6917647058823532
 0.6274509803921564
 0.7254901960784315
 0.6054901960784314
 0.5764705882352937
 0.5309803921568625
 0.7301960784313728
 0.6062745098039215
 0.6784313725490196
 0.6133333333333335
 0.596862745098039
 0.6070588235294117
 0.7207843137254906
 0.6376470588235295
 0.6588235294117645
 0.596862745098039
 0.5874509803921566
 0.5890196078431373
 0.7038019451812555
 0.5915119363395227
 0.5428824049513705
 0.5985853227232536
 0.5985853227232536
 0.7038019451812555
 0.6489832007073387
 0.5782493368700264
 0.6878868258178601
 0.5888594164456233
 0.7382847038019451
 0.7250221043324492
 0.7533156498673739
 0.6993810786914233
 0.6923076923076923
 0.6507515473032713
 0.6693191865605659
 0.6463306808134396
 0.755968169761273
 0.6790450928381965
 0.7480106100795756
 0.6516357206012379
 0.5738284703801945
 0.7011494252873564
 0.8196286472148542
 0.5809018567639256
 0.775419982316534
 0.601237842617153
 0.5906277630415564
 0.7550839964633067
 0.8054818744473914
 0.623342175066313
 0.7674624226348364
 0.5844385499557914
 0.5968169761273209
 0.7559681697612731
 0.762310606060606
 0.5350378787878787
 0.7102272727272725
 0.6742424242424241
 0.7376893939393937
 0.6609848484848484
 0.7395833333333325
 0.53125
 0.7310606060606059
 0.7159090909090904
 0.7537878787878783
 0.7045454545454546
 0.7755681818181809
 0.5890151515151515
 0.6827651515151514
 0.7642045454545454
 0.71685606060606
 0.5691287878787877
 0.7859848484848485
 0.5975378787878787
 0.691287878787879
 0.6979166666666669
 0.7301136363636362
 0.7481060606060601
 0.8380681818181811
 0.6079545454545452
 0.743371212121212
 0.7717803030303027
 0.7111742424242422
 0.7670454545454538
 0.8768939393939394
 0.5748106060606063
 0.6439393939393941
 0.6505681818181812
 0.6562499999999999
 0.7812499999999996

# name: aupr
# type: cell
# rows: 1
# columns: 1
# name: <cell-element>
# type: matrix
# ndims: 3
 6 6 5
 0.2674054474102922
 0.2407226660531287
 0.4195940808149824
 0.3146071964113118
 0.2361316960589603
 0.1982828557736116
 0.3785981369505002
 0.189050899186695
 0.4517031147395371
 0.3251531232352382
 0.2535740599601142
 0.2151339661426396
 0.3027233145506679
 0.2438827070717865
 0.4605295700224069
 0.3014436339286108
 0.1520097258040706
 0.21115482054434
 0.38005806660793
 0.2573601928677541
 0.3195971275073664
 0.3196889088406447
 0.1454314968510836
 0.1938984411225169
 0.246362782784556
 0.3235501539974086
 0.2978599273227803
 0.2106503181805843
 0.1547103533603264
 0.204649196854413
 0.421435231307298
 0.3917772047227732
 0.2696880321240986
 0.1938710671075326
 0.1596920763864201
 0.1888099655400015
 0.2985994626955888
 0.3955102811260711
 0.1831509555071028
 0.1853028659269852
 0.2652995562558298
 0.1995356026433001
 0.257315292338592
 0.3641557378131317
 0.3243018973907971
 0.1824808682580647
 0.3240350305413418
 0.1547217098847226
 0.2799334092520632
 0.3003710633569835
 0.3601459708085802
 0.1442791204371044
 0.3261020852828859
 0.1393612114152821
 0.3343686289981719
 0.1872769144327662
 0.2658563037421809
 0.1760082830408377
 0.456683390677002
 0.1474808520462482
 0.3552926683954291
 0.2366519105722094
 0.3936786155694086
 0.1909476045739121
 0.3560683639306334
 0.1849437830337844
 0.3630234652131862
 0.242774852157818
 0.3419252248822928
 0.2140691021413657
 0.3776196697355853
 0.2010614112225113
 0.1306939434583195
 0.1825825079114595
 0.2779755961529853
 0.2389571071969154
 0.1673252867049155
 0.1856081332985902
 0.1840871594667553
 0.2307081238423639
 0.2945917233384234
 0.2432105535691375
 0.2136889317119134
 0.2194033982299933
 0.2409090835359461
 0.307113975063289
 0.2499537912081536
 0.3075644544072984
 0.1348251502582597
 0.2707368317357049
 0.2580563376361328
 0.2847704641703021
 0.2947357039655021
 0.2695031607878719
 0.1826006611197789
 0.1755442467530341
 0.3892473876649151
 0.2856628747113465
 0.2896252968399579
 0.2124306130728981
 0.1992448228221717
 0.2121778968237961
 0.5128092438447081
 0.32040560566197
 0.3009036685743223
 0.1892563901669112
 0.2099400798435846
 0.169595754935451
 0.1902262474428379
 0.1749232733957705
 0.149256908405401
 0.1478583957549016
 0.2414943846860737
 0.2053668188223433
 0.1895795047032255
 0.1637905842773892
 0.2230970463685774
 0.142414202608452
 0.2339120913048512
 0.2766429041933148
 0.320987164107997
 0.3360601943859008
 0.2376318302855751
 0.1839562380638355
 0.1807598244231648
 0.2179063682353776
 0.3419292726214024
 0.2978326253182766
 0.2701602338706175
 0.1752911785393383
 0.1547369965303871
 0.2869468214184436
 0.4636665649250407
 0.1918932169243922
 0.3195314259683285
 0.1715230252857273
 0.236874611884628
 0.3166749911038761
 0.4917759585028032
 0.1930152776683725
 0.263214703515743
 0.1619575179999547
 0.1790340828753465
 0.3445181258364211
 0.2996829285405465
 0.1301038125127576
 0.193877956112384
 0.192705836248959
 0.2651782466492461
 0.2131865387967714
 0.2227231687820557
 0.1253551515718957
 0.1901076348682245
 0.1889681851286886
 0.2307793583815975
 0.3021086991792716
 0.2442497607578309
 0.1412796769947651
 0.2217639523919034
 0.2924563707387822
 0.231780583213895
 0.1600607934877369
 0.2465680406985122
 0.2316502624638055
 0.2556834943133349
 0.198915214682995
 0.2506330905352308
 0.2332345957806382
 0.3781361657067396
 0.2492829379271323
 0.3742093250526076
 0.2555236855103876
 0.2765437405451272
 0.3133036951541541
 0.5700697285759577
 0.2307603676943451
 0.3202875057926985
 0.2445809226109534
 0.2310085961197439
 0.3302860096120786

# name: llh
# type: cell
# rows: 1
# columns: 1
