# Created by Octave 3.2.4, Wed Sep 26 14:01:13 2012 UTC <ubuntu@ip-10-142-129-246>
# name: shortsummaryNOCLUS
# type: struct
# length: 2
# name: auroc
# type: cell
# rows: 1
# columns: 1
# name: <cell-element>
# type: matrix
# rows: 6
# columns: 5
 0.8219607843137253 0.6696428571428573 0.7207843137254906 0.8054818744473914 0.8768939393939394
 0.707450980392157 0.6071428571428572 0.6376470588235295 0.623342175066313 0.5748106060606063
 0.6556862745098039 0.7001488095238095 0.6588235294117645 0.7674624226348364 0.6439393939393941
 0.6109803921568624 0.6190476190476191 0.596862745098039 0.5844385499557914 0.6505681818181812
 0.5301960784313724 0.6614583333333335 0.5874509803921566 0.5968169761273209 0.6562499999999999
 0.6305882352941174 0.6376488095238095 0.5890196078431373 0.7559681697612731 0.7812499999999996

# name: aupr
# type: cell
# rows: 1
# columns: 1
# name: <cell-element>
# type: matrix
# rows: 6
# columns: 5
 0.421435231307298 0.3630234652131862 0.5128092438447081 0.4917759585028032 0.5700697285759577
 0.3917772047227732 0.242774852157818 0.32040560566197 0.1930152776683725 0.2307603676943451
 0.2696880321240986 0.3419252248822928 0.3009036685743223 0.263214703515743 0.3202875057926985
 0.1938710671075326 0.2140691021413657 0.1892563901669112 0.1619575179999547 0.2445809226109534
 0.1596920763864201 0.3776196697355853 0.2099400798435846 0.1790340828753465 0.2310085961197439
 0.1888099655400015 0.2010614112225113 0.169595754935451 0.3445181258364211 0.3302860096120786

