mat= [    51.8470   101.4979  -169.5549   -54.2069   140.3236    74.3796  -116.5159    -17.9096   193.3766   -99.4010    18.4648;
   101.5250   214.3437  -354.8937  -110.9289   283.4091   151.9494  -248.9397    -39.5417   399.9355  -204.4723    39.1298;
  -169.5152  -354.8322   600.2476   191.0978  -477.9302  -251.9839   422.6234     69.6835  -669.8355   347.0559   -63.8536;
   -54.2425  -110.8941   191.0547    63.6372  -152.6082   -79.9162   134.4981     22.9183  -211.9164   112.1789   -20.2943;
   140.2616   283.4029  -477.9013  -152.7097   388.6479   204.2900  -332.8220    -53.8931   539.0243  -277.9628    51.0866;
    74.3852   151.9624  -251.9798   -80.0261   204.4007   110.1871  -174.3080    -26.9262   285.9109  -147.3318    27.9213;
  -116.6116  -248.9989   422.7902   134.5465  -332.7748  -174.2157   301.0696     50.8417  -468.4166   242.6021   -44.7699;
   -17.8860   -39.5441    69.6276    22.9444   -53.7268   -26.9372    50.8863      9.9559   -75.3983    39.5526    -7.1523;
   193.3300   399.9237  -669.7725  -212.0303   538.9162   285.8300  -468.4193    -75.4484   753.9656  -387.9024    72.3570;
   -99.4138  -204.4837   347.1189   112.2512  -278.1294  -147.3097   242.6422     39.6277  -388.0447   202.8414   -37.0636;
    18.4448    39.1642   -63.8874   -20.3292    50.9636    27.8864   -44.7763     -7.1267    72.3426   -37.0305     7.6451 ]













